H;88;;;00016757;20120325;20120317;20120323;
D;00000680;高露洁适齿多效牙刷软毛;605;
S;028;4;20.17;22.46;
S;054;4;20.17;22.46;
S;074;3;15.13;22.47;
D;00000745;高露洁适齿多效牙刷3支装中毛;605;
S;028;0;0;;
S;054;0;0;;
S;074;0;0;;
D;00004231;高露洁适齿多效牙刷中毛;605;
S;028;0;0;;
S;054;0;0;;
S;074;0;0;;
D;00005056;高露洁清新防蛀牙膏140g支;604;
S;028;6;55.9;21.65;
S;054;2;18.63;21.85;
S;074;1;9.32;28.86;
D;00005058;高露洁牙膏冰凉薄荷140g;604;
S;028;3;27.95;21.65;
S;054;0;0;;
S;074;0;0;;
D;00026962;高露洁超强牙膏90g;604;
S;028;0;0;;
S;054;0;0;;
S;074;0;0;;
D;00030909;高露洁超洁护龈牙刷;605;
S;028;15;57.69;15.24;
S;054;9;34.62;15.25;
S;074;1;3.85;15.32;
D;00032414;高露洁纤丝柔洁牙刷促销装;605;
S;028;9;91.54;11.22;
S;054;10;101.71;11.22;
S;074;2;20.34;11.21;
D;00032415;高露洁神奇宝贝超柔软牙刷;610;
S;028;4;16.75;23.34;
S;054;10;41.88;23.35;
S;074;0;0;;
D;00032417;高露洁按摩型牙刷;605;
S;028;0;0;;
S;054;0;0;;
S;074;1;7.86;.25;
D;00036008;高露洁三重功效波浪型牙刷;605;
S;028;8;17.09;38.68;
S;054;21;44.87;38.69;
S;074;4;8.55;40.12;
D;00074339;高露洁纤丝牙刷（软毛）;605;
S;028;3;15.13;10.58;
S;054;1;5.04;10.52;
S;074;0;0;;
D;00090051;高露洁设计师牙刷三支装（软毛）;605;
S;028;0;0;;
S;054;0;0;;
S;074;0;0;;
D;00090086;高露洁动感型儿童电动牙刷;606;
S;028;2;68.21;25.35;
S;054;0;0;;
S;074;0;0;;
D;00124768;高露洁贝齿漱口水（清凉薄荷）500ml;607;
S;028;3;71.54;11.27;
S;054;0;0;;
S;074;1;23.85;11.28;
D;00124776;高露洁贝齿漱口水（特凉薄荷）500ml;607;
S;028;2;47.69;11.26;
S;054;0;0;;
S;074;1;23.85;11.28;
D;00137294;高露洁草本美白牙膏140g;604;
S;028;5;25.21;26.62;
S;054;7;35.3;26.63;
S;074;3;15.13;26.64;
D;00230053;高露洁超感白牙膏100g;604;
S;028;3;21.03;26.25;
S;054;4;28.03;27.79;
S;074;0;0;;
D;00230559;高露洁草本盐牙膏90g;604;
S;028;0;0;;
S;054;1;4.02;27.11;
S;074;1;4.02;26.87;
D;00254187;高露洁灵动牙刷替换刷头;606;
S;028;1;34.1;26.6;
S;054;0;0;;
S;074;0;0;;
D;00260224;高露洁三重功效波浪牙刷3支装;605;
S;028;9;49.23;30.53;
S;054;10;54.7;30.53;
S;074;7;38.29;30.53;
D;00260300;高露洁旅行套装;605;
S;028;0;0;;
S;054;0;0;;
S;074;0;0;;
D;00317882;高露洁洁齿波浪牙刷支;605;
S;028;4;9.91;38.65;
S;054;14;34.7;38.67;
S;074;7;17.35;38.67;
D;00325941;高露洁超感白牙膏165g;604;
S;028;6;61.03;14.76;
S;054;76;772.99;14.76;
S;074;0;0;;
D;00359375;高露洁草本牙膏90g;604;
S;028;0;0;;
S;054;0;0;;
S;074;0;0;;
D;00388868;高露洁灵动型牙刷;605;
S;028;2;59.66;14.62;
S;054;0;0;;
S;074;0;0;;
D;00405675;高露洁牙刷洁齿波浪中毛;605;
S;028;34;215.04;31.22;
S;054;3;18.97;31.21;
S;074;6;37.95;31.23;
D;00405676;高露洁超洁护龈牙刷三支装;605;
S;028;7;68.8;36.51;
S;054;16;157.26;36.51;
S;074;0;0;;
D;00416367;高露洁适齿多效牙刷3支装软毛;605;
S;028;0;0;;
S;054;0;0;;
S;074;0;0;;
D;00447358;高露洁全效牙膏100g;604;
S;028;0;0;;
S;054;0;0;;
S;074;0;0;;
D;00573792;高露洁儿童牙膏水果型40g;609;
S;028;11;83.68;27.31;
S;054;4;30.43;27.31;
S;074;1;7.61;27.33;
D;00573793;高露洁儿童牙膏草莓型40g;609;
S;028;9;68.46;27.3;
S;054;4;30.43;27.31;
S;074;0;0;;
D;00573794;高露洁三重功效牙膏90g;604;
S;028;13;35.56;22.13;
S;054;4;10.94;44.06;
S;074;9;24.62;37.49;
D;00585335;高露洁全效美白牙膏100g;604;
S;028;0;0;;
S;054;0;0;;
S;074;0;0;;
D;00674082;高露洁草本美白牙膏90g支;604;
S;028;1;4.02;30.1;
S;054;1;4.02;31.09;
S;074;0;0;;
D;00702482;高露洁超洁净牙刷（3支装）;605;
S;028;9;68.46;12.84;
S;054;11;83.68;12.85;
S;074;3;22.82;12.84;
D;00702483;高露洁全控软毛牙刷;605;
S;028;21;159.74;23.36;
S;054;2;15.21;24.65;
S;074;1;7.61;26.94;
D;00720256;高露洁牙刷家庭装筒;605;
S;028;0;0;;
S;054;0;0;;
S;074;0;0;;
D;00805802;高露洁超强牙膏140g;604;
S;028;11;46.07;33.38;
S;054;51;213.59;32.9;
S;074;46;192.65;32.9;
D;00910420;高露洁三重功效牙膏140g;604;
S;028;9;33.08;23.55;
S;054;35;128.63;23.54;
S;074;15;55.13;23.54;
D;00910422;高露洁草本牙膏140g;604;
S;028;4;14.7;23.54;
S;054;16;58.8;23.54;
S;074;5;18.38;25.19;
D;00953434;高露洁贝齿漱口水清凉薄荷250ml瓶;607;
S;028;1;14.44;16.97;
S;054;2;28.89;17;
S;074;2;28.89;16.86;
D;00953450;高露洁贝齿漱口水特凉薄荷250ml瓶;607;
S;028;0;0;;
S;054;1;16.15;25.76;
S;074;0;0;;
D;01030601;高露洁草本盐牙膏140g;604;
S;028;1;5.04;26.59;
S;054;2;10.09;26.66;
S;074;3;15.13;26.64;
D;01075150;高露洁蜂胶氟钙牙膏120g;604;
S;028;0;0;;
S;054;0;0;;
S;074;0;0;;
D;01075166;高露洁蜂胶氟钙牙膏200g;604;
S;028;0;0;;
S;054;0;0;;
S;074;0;0;;
D;01087248;高露洁美白型软毛牙刷;605;
S;028;0;0;;
S;054;0;0;;
S;074;0;0;;
D;01204394;高露洁超强90克双支8折装组;604;
S;028;0;0;;
S;054;0;0;;
S;074;0;0;;
D;01207689;高露洁草本牙膏40g;604;
S;028;0;0;;
S;074;0;0;;
D;01263197;高露洁超洁净牙刷;605;
S;028;0;0;;
S;054;0;0;;
S;074;2;5.47;15.17;
D;01361742;高露洁儿童牙膏水果香型90g;609;
S;028;0;0;;
D;01381665;高露洁冰爽牙膏冰冷薄荷100g;604;
S;028;0;0;;
S;054;0;0;;
S;074;0;0;;
D;01381666;高露洁冰爽牙膏清新柠檬100g;604;
S;028;0;0;;
S;054;0;0;;
S;074;0;0;;
D;01381667;高露洁冰爽牙膏天然茶香100g;604;
S;028;0;0;;
S;054;0;0;;
S;074;0;0;;
D;01381671;高露洁冰爽牙膏清新柠檬165g;604;
S;028;0;0;;
S;054;0;0;;
S;074;0;0;;
D;01381672;高露洁冰爽牙膏天然茶香165g;604;
S;028;0;0;;
S;054;0;0;;
S;074;0;0;;
D;01387553;高露洁冰爽薄荷牙膏165g;604;
S;028;0;0;;
S;054;0;0;;
S;074;0;0;;
D;01483513;高露洁维C爽水晶牙膏90g;604;
S;028;0;0;;
S;054;0;0;;
S;074;0;0;;
D;01536197;高露洁360度牙刷;605;
S;028;4;40.68;12.98;
S;054;4;40.68;12.98;
S;074;2;20.34;12.98;
D;01675304;高露洁多啦A梦儿童牙刷;610;
S;028;0;0;;
S;054;0;0;;
S;074;0;0;;
D;01805566;高露洁草本90g双支装;604;
S;028;0;0;;
S;054;0;0;;
S;074;0;0;;
D;01817557;高露洁冰爽沁凉草莓牙膏100g;604;
S;028;0;0;;
S;054;0;0;;
S;074;0;0;;
D;01817558;高露洁牙膏冰爽沁凉草莓165g;604;
S;028;0;0;;
S;054;0;0;;
S;074;0;0;;
D;01817560;高露洁儿童牙膏香橙香型40g;609;
S;028;0;0;;
S;054;0;0;;
S;074;0;0;;
D;01817564;高露洁前驱全控型牙刷买2送1装;605;
S;028;1;15.21;23.34;
S;054;2;30.43;23.69;
S;074;0;0;;
D;01939862;高露洁清新旋风牙刷单支装;605;
S;028;2;10.09;10.8;
S;054;1;5.04;10.52;
S;074;0;0;;
D;01939864;高露洁清新旋风牙刷三支装;605;
S;028;3;37.18;13.58;
S;054;2;24.79;13.59;
S;074;1;12.39;13.56;
D;02019805;高露洁草本牙膏200g;604;
S;028;8;35.56;14.06;
S;054;23;102.22;14.05;
S;074;15;66.67;14.05;
D;02032064;高露洁草本牙膏140g8折装;604;
S;028;0;0;;
S;054;0;0;;
S;074;0;0;;
D;02113275;高露洁旋风清新牙刷买二送二特惠装;605;
S;028;0;0;;
S;054;0;0;;
S;074;0;0;;
D;02166460;高露洁冰爽牙膏100克加超感白100克促销装;604;
S;028;0;0;;
S;054;0;0;;
S;074;0;0;;
D;02166550;高露洁冰爽薄荷100g八折装;604;
S;028;0;0;;
S;054;0;0;;
S;074;0;0;;
D;02166551;高露洁冰爽柠檬100g八折装;604;
S;028;0;0;;
S;054;0;0;;
S;074;0;0;;
D;02166552;高露洁冰爽100g八折装;604;
S;028;0;0;;
S;054;0;0;;
S;074;0;0;;
D;02221128;高露洁防蛀美白牙膏90g;604;
S;028;8;21.88;22.12;
S;054;0;0;;
S;074;19;51.97;22.13;
D;02221129;高露洁防蛀牙美白牙膏140克;604;
S;028;0;0;;
S;054;0;0;;
S;074;0;0;;
D;02376446;高露洁冰爽劲白牙膏100g;604;
S;028;0;0;;
S;054;0;0;;
S;074;0;0;;
D;02376472;高露洁冰爽劲白牙膏165g;604;
S;028;0;0;;
S;054;0;0;;
S;074;0;0;;
D;20009821;高露洁防蛀美白90g送50g支;604;
S;028;0;0;;
S;054;0;0;;
S;074;0;0;;
D;20009823;高露洁适齿牙刷中毛买2送2组;605;
S;028;0;0;;
S;054;0;0;;
S;074;0;0;;
D;20112961;高露洁草本翠爽牙膏90g盒;604;
S;028;0;0;;
S;054;0;0;;
S;074;0;0;;
D;20113033;高露洁草本翠爽牙膏140g支;604;
S;028;0;0;;
S;054;0;0;;
S;074;0;0;;
D;20429801;高露洁草本牙膏140g送25g支;604;
S;028;0;0;;
S;054;0;0;;
S;074;0;0;;
D;20460738;高露洁360度超细牙刷支;605;
S;028;7;71.2;12.99;
S;054;13;132.22;12.99;
S;074;1;10.17;16.42;
D;20482906;高露洁360度牙膏165g支;604;
S;028;0;0;;
S;054;0;0;;
S;074;0;0;;
D;20482916;高露洁360度牙膏100g支;604;
S;028;0;0;;
S;054;0;0;;
S;074;0;0;;
D;20500218;高露洁适齿牙刷买2送2(软毛)袋;605;
S;028;0;0;;
S;054;0;0;;
S;074;0;0;;
D;20571663;高露洁防蛀美白90g双支装8折;604;
S;028;0;0;;
S;054;0;0;;
S;074;0;0;;
D;20649985;高露洁防蛀美白7.5折140g;604;
S;028;0;0;;
S;054;0;0;;
S;074;0;0;;
D;20652223;高露洁超洁护龈牙刷2送1;605;
S;028;0;0;;
S;054;0;0;;
S;074;0;0;;
D;20673992;高露洁360度深层清洁牙刷送360度软毛牙刷支;605;
S;028;0;0;;
S;054;0;0;;
S;074;0;0;;
D;20673994;高露洁超强90克送30克支;604;
S;028;0;0;;
S;054;0;0;;
S;074;0;0;;
D;20674010;高露洁草本翠爽牙膏90g送30g支;604;
S;028;0;0;;
S;054;0;0;;
S;074;0;0;;
D;20943050;高露洁360度牙膏165g加1元送牙刷1支盒;604;
S;028;0;0;;
S;054;0;0;;
S;074;0;0;;
D;21007983;高露洁牙刷冰爽清香支;605;
S;028;11;99.66;13.47;
S;054;7;63.42;13.47;
S;074;4;36.24;13.47;
D;21050060;高露洁牙膏健白防蛀200g支;604;
S;028;11;136.32;21.41;
S;054;7;86.75;21.41;
S;074;2;24.79;21.42;
D;21050062;高露洁牙膏健白防蛀140g支;604;
S;028;15;139.74;21.64;
S;054;4;37.26;21.63;
S;074;2;18.63;21.63;
D;21189711;高露洁冰爽劲白牙刷单支装;605;
S;028;2;18.12;13.36;
S;054;1;9.06;13.36;
S;074;2;18.12;13.36;
D;21190838;高露洁贝齿美白漱口水500ml瓶;607;
S;028;7;172.91;14.34;
S;054;0;0;;
S;074;0;0;;
D;21191126;高露洁贝齿美白漱口水250ml;607;
S;028;2;28.21;14.99;
S;054;1;14.1;14.96;
S;074;0;0;;
D;21254691;高露洁牙刷360炫动舒适支;605;
S;028;1;11.79;14.16;
S;054;0;0;;
S;074;1;11.79;14.16;
D;21339746;高露洁牙膏360度健康牙龈180g支;604;
S;028;0;0;;
S;054;0;0;;
S;074;0;0;;
D;21339748;高露洁健洁牙膏360度180g;604;
S;028;0;0;;
S;054;0;0;;
S;074;0;0;;
D;21339750;高露洁牙膏360度健龈120g;604;
S;028;0;0;;
S;054;2;18.63;14.87;
S;074;0;0;;
D;21339752;高露洁牙膏360度健洁120g;604;
S;028;0;0;;
S;054;0;0;;
S;074;0;0;;
D;21344991;高露洁牙膏健白防蛀7折装140g支;604;
S;028;0;0;;
S;054;0;0;;
S;074;0;0;;
D;21344995;高露洁牙膏全面防蛀冰凉薄荷7折装140g;604;
S;028;0;0;;
S;054;0;0;;
S;074;0;0;;
D;21344997;高露洁牙膏全面防蛀清新7折装140g支;604;
S;028;0;0;;
S;054;0;0;;
S;074;0;0;;
D;21399429;高露洁牙刷360舒适旋动6折双支装;605;
S;028;0;0;;
S;054;0;0;;
S;074;0;0;;
D;21406463;高露洁漱口水贝齿护敏250ml;607;
S;028;0;0;;
S;054;0;0;;
S;074;0;0;;
D;21406959;高露洁漱口水贝齿护敏500ml;607;
S;028;1;27.26;11.89;
S;054;0;0;;
S;074;0;0;;
D;21406961;高露洁牙刷360护敏单支装;605;
S;028;9;122.31;25.61;
S;054;0;0;;
S;074;2;27.18;25.61;
D;21406963;高露洁牙膏专效抗敏110g;604;
S;028;0;0;;
S;054;1;25.56;17.41;
S;074;0;0;;
D;21411876;高露洁亮洁晶莹牙刷中毛单支装;605;
S;028;0;0;;
S;054;21;28.72;4.21;
S;074;10;13.68;4.24;
D;21411878;高露洁亮洁晶莹牙刷中毛3支装组;605;
S;028;0;0;;
S;054;0;0;;
S;074;0;0;;
D;21508562;高露洁牙膏冰爽劲白七五折100g支;604;
S;028;0;0;;
S;054;0;0;;
S;074;0;0;;
D;21508564;高露洁牙膏冰爽茶香七五折100g支;604;
S;028;0;0;;
S;054;0;0;;
S;074;0;0;;
D;21508566;高露洁牙膏冰爽薄荷七五折100g支;604;
S;028;0;0;;
S;054;0;0;;
S;074;0;0;;
D;21518933;高露洁洁齿波浪牙刷买3送1组;605;
S;028;0;0;;
S;054;0;0;;
S;074;0;0;;
D;21559243;高露洁健白防蛀清爽薄牙膏荷7折装200g盒;604;
S;028;0;0;;
S;054;0;0;;
S;074;0;0;;
D;21569321;高露洁冰爽薄荷牙膏7折装165g;604;
S;028;0;0;;
S;054;0;0;;
S;074;0;0;;
D;21569341;高露洁冰爽劲白牙膏7折装165g;604;
S;028;0;0;;
S;054;0;0;;
S;074;0;0;;
D;21569343;高露洁冰爽茶香牙膏7折装165g;604;
S;028;0;0;;
S;054;0;0;;
S;074;0;0;;
D;21585456;高露洁牙膏360度健白180g支;604;
S;028;0;0;;
S;054;0;0;;
S;074;0;0;;
D;21585458;高露洁牙膏360度健白120g支;604;
S;028;0;0;;
S;054;0;0;;
S;074;0;0;;
D;21585906;高露洁贝齿全面护理漱口水500ml瓶;607;
S;028;0;0;;
S;054;0;0;;
S;074;1;27.01;11.88;
D;21585908;高露洁贝齿全面护理漱口水250ml;607;
S;028;0;0;;
S;054;2;31.62;12.4;
S;074;1;15.81;12.4;
D;21585910;高露洁多能呵护软毛牙刷单支装;605;
S;028;2;8.89;12.04;
S;054;6;26.67;12.04;
S;074;2;8.89;12.04;
D;21585931;高露洁360度健康牙龈牙膏清爽薄荷香型7折装180g支;604;
S;028;0;0;;
S;054;0;0;;
S;074;0;0;;
D;21585933;高露洁360度健康美白牙膏冰凉薄荷香型7折装180g支;604;
S;028;0;0;;
S;054;0;0;;
S;074;0;0;;
D;21586434;高露洁牙刷多能呵护三支板;605;
S;028;0;0;;
S;054;1;10.68;10.02;
S;074;0;0;;
D;21606408;高露洁冰爽劲白牙膏180g盒;604;
S;028;7;80.77;14.46;
S;054;6;69.23;14.46;
S;074;5;57.69;14.46;
D;21606410;高露洁冰爽劲白牙膏120g盒;604;
S;028;2;16.92;14.18;
S;054;1;8.46;14.18;
S;074;2;16.92;14.18;
D;21606412;高露洁牙膏冰爽茶香180g盒;604;
S;028;12;138.46;14.46;
S;054;9;103.85;14.46;
S;074;2;23.08;15.86;
D;21606414;高露洁冰爽茶香牙膏120g盒;604;
S;028;1;8.46;14.18;
S;054;1;8.46;14.54;
S;074;2;16.92;14.18;
D;21606416;高露洁冰爽柠檬牙膏180g盒;604;
S;028;0;0;;
S;054;0;0;;
S;074;0;0;;
D;21606418;高露洁冰爽薄荷牙膏180g盒;604;
S;028;11;126.92;14.46;
S;054;13;150;14.46;
S;074;1;11.54;18.72;
D;21606420;高露洁冰爽薄荷牙膏120g盒;604;
S;028;2;16.92;14.18;
S;054;2;16.92;15.25;
S;074;2;16.92;14.18;
D;21606979;高露洁冰爽牙膏清香柠檬香型120g支;604;
S;028;0;0;;
S;054;0;0;;
S;074;0;0;;
D;21661635;高露洁专效抗敏美白牙膏110g支;604;
S;028;8;204.44;17.39;
S;054;2;51.11;17.39;
S;074;0;0;;
D;21685233;高露洁三效优护牙刷三支装;605;
S;028;3;32.05;12.39;
S;054;4;42.74;12.4;
S;074;5;53.42;12.39;
D;21685262;高露洁三效优护牙刷单支装;605;
S;028;0;0;;
S;054;3;13.33;12;
S;074;1;4.44;11.94;
D;21685264;高露洁冰爽劲白牙膏180克7折装;604;
S;028;0;0;;
S;054;0;0;;
S;074;0;0;;
D;21685266;高露洁冰爽茶香牙膏180克7折装;604;
S;028;0;0;;
S;054;0;0;;
S;074;0;0;;
D;21685268;高露洁冰爽薄荷牙膏180克7折装;604;
S;028;0;0;;
S;054;0;0;;
S;074;0;0;;
D;21705716;高露洁三效优护牙刷买2送2促销装;605;
S;028;70;559.91;2.11;
S;054;63;500.77;1.49;
S;074;8;64.44;2.79;
D;21806520;高露洁牙刷旋风护龈三支装盒;605;
S;028;1;17.52;21.35;
S;054;0;0;;
S;074;0;0;;
D;21806522;高露洁牙刷旋风护龈单支装;605;
S;028;2;15.21;40.7;
S;054;1;7.61;40.74;
S;074;2;15.21;40.7;
D;21826334;高露洁多能呵护牙刷买2送2装;605;
S;028;0;0;;
S;054;0;0;;
S;074;0;0;;
D;21876542;高露洁牙刷360炫动舒适送360牙膏促销装;605;
S;028;0;0;;
S;054;0;0;;
S;074;1;11.88;14.9;
D;21931863;高露洁360环动耀洁牙刷;605;
S;028;6;69.74;13.02;
S;054;6;69.74;13.02;
S;074;2;23.25;13.03;
D;21933157;高露洁贝齿清新茶健漱口水500ml;607;
S;028;4;98.46;14.08;
S;054;2;49.23;14.08;
S;074;0;0;;
D;21933197;高露洁贝齿清新茶健漱口水250ml;607;
S;028;4;55.38;13.47;
S;054;5;69.23;13.48;
S;074;0;0;;
D;21969429;高露洁牙膏激凉薄荷120g支;604;
S;028;7;59.23;14.2;
S;054;0;0;;
S;074;1;8.46;14.18;
D;21969439;高露洁牙膏激凉薄荷180g支;604;
S;028;6;69.23;14.46;
S;054;12;138.46;14.46;
S;074;3;34.62;14.47;
D;21970825;高露洁蜘蛛侠儿童牙刷;610;
S;028;1;13.25;14.57;
S;054;1;13.25;14.57;
S;074;0;0;;
D;21972136;高露洁芭比儿童牙刷;610;
S;028;0;0;;
S;054;0;0;;
S;074;0;0;;
D;22014058;高露洁360环动耀洁牙刷第二支半价装;605;
S;028;48;816.41;10.81;
S;054;16;272.14;10.81;
S;074;1;17.01;10.82;
D;22053144;高露洁牙膏冰爽双支装送水晶果汁壶(激凉+劲白)120g盒;604;
S;028;0;0;;
S;054;1;15.3;4.97;
S;074;0;0;;
D;22053146;高露洁牙膏冰爽双支装送水晶果汁壶(薄荷+茶香)120g盒;604;
S;028;0;0;;
S;054;3;45.9;4.9;
S;074;0;0;;
D;22059931;高露洁专业按摩型牙刷两支特惠装;605;
S;028;11;168.29;1.89;
S;054;6;91.79;1.88;
S;074;0;0;;
D;22059933;高露洁专业按摩型牙刷;605;
S;028;1;11.03;19.76;
S;054;2;22.05;19.73;
S;074;0;0;;
D;22059941;高露洁冰爽牙刷买2送1装;605;
S;028;1;19.57;19.88;
S;054;2;39.15;19.9;
S;074;0;0;;
D;22061687;高露洁牙膏专效抗敏多重保护110g盒;604;
S;028;0;0;;
S;054;2;51.11;19.9;
S;074;1;25.56;17.25;
D;22086412;高露洁蜘蛛侠儿童牙膏牙刷送水壶;609;
S;028;1;19.66;14.24;
S;054;2;39.32;14.24;
S;074;1;19.66;14.24;
D;22086414;高露洁芭比儿童牙膏牙刷送水壶;609;
S;028;0;0;;
S;054;0;0;;
S;074;0;0;;
D;22107947;高露洁360度牙膏健康牙龈140g;604;
S;028;3;34.62;12.39;
S;054;3;34.62;12.39;
S;074;1;11.54;12.39;
D;22107949;高露洁360度牙膏健洁140g;604;
S;028;6;69.23;12.38;
S;054;7;80.77;12.38;
S;074;0;0;;
D;22107957;高露洁360度牙膏美白140g;604;
S;028;7;80.77;12.38;
S;054;0;0;;
S;074;3;34.62;12.39;
D;22107959;高露洁360度牙膏美白200g;604;
S;028;6;89.74;14.89;
S;054;3;44.87;14.89;
S;074;2;29.91;14.88;
D;22107961;高露洁360度牙膏健康牙龈200g;604;
S;028;10;149.57;14.89;
S;054;4;59.83;14.89;
S;074;1;14.96;14.91;
D;22107963;高露洁360度牙膏健洁200g;604;
S;028;3;44.87;14.89;
S;054;3;44.87;14.89;
S;074;0;0;;
D;22167701;高露洁牙膏360度健康牙龈促销装200g盒;604;
S;028;0;0;;
S;054;0;0;;
S;074;0;0;;
D;22167703;高露洁牙膏360度美白促销装200g盒;604;
S;028;0;0;;
S;054;0;0;;
S;074;0;0;;
D;22167705;高露洁牙膏360度健洁促销装200g盒;604;
S;028;0;0;;
S;054;0;0;;
S;074;0;0;;
D;22208518;高露洁牙膏健白防蛀140g*2盒;604;
S;028;0;0;;
S;054;0;0;;
S;074;2;35.04;16.67;
D;22231148;高露洁专效抗敏牙膏50g盒;604;
S;028;9;130;20.25;
S;054;4;57.78;20.25;
S;074;2;28.89;20.25;
D;22231154;高露洁超强牙膏200g盒;604;
S;028;10;50.43;23.66;
S;054;12;60.51;23.65;
S;074;15;75.64;23.65;
D;22253659;高露洁牙膏冰爽劲白礼品装120g*2盒;604;
S;028;0;0;;
S;054;0;0;;
S;074;0;0;;
D;22253661;高露洁牙膏冰爽薄荷礼品装120g*2盒;604;
S;028;0;0;;
S;054;0;0;;
S;074;0;0;;
D;22257292;高露洁360°抑菌牙刷支;605;
S;028;2;23.76;14.81;
S;054;3;35.64;14.81;
S;074;0;0;;
D;22281297;高露洁360牙膏美白送Hello Kitty限量杯（含杯盖）;604;
S;028;21;498.97;14.94;
S;054;20;475.21;14.94;
S;074;4;95.04;14.94;
D;22281299;高露洁360牙膏健康牙龈送Hello Kitty限量杯(含杯;604;
S;028;15;356.41;14.94;
S;054;13;308.89;14.94;
S;074;3;71.28;14.94;
D;22286320;高露洁牙膏360美白8折装140g;604;
S;028;25;211.54;4.39;
S;054;14;118.46;4.39;
S;074;5;42.31;4.4;
D;22286322;高露洁牙膏360健康牙龈8折装140g;604;
S;028;48;406.15;4.39;
S;054;12;101.54;4.39;
S;074;2;16.92;4.37;
D;22311950;高露洁漱口水贝齿茶健60ml瓶;607;
S;028;34;113.33;22.3;
S;054;14;46.67;22.31;
S;074;3;10;22.3;
H;88;;;00018578;20120325;20120317;20120323;
D;02091526;爱华仕拉杆箱18寸2604;1900;
S;018;0;0;;
S;022;0;0;;
S;025;0;0;;
S;030;0;0;;
S;035;0;0;;
S;057;0;0;;
S;059;0;0;;
S;067;0;0;;
S;075;0;0;;
S;076;0;0;;
D;02091529;爱华仕拉杆箱24寸2605;1900;
S;018;0;0;;
S;022;0;0;;
S;025;0;0;;
S;028;0;0;;
S;029;0;0;;
S;030;0;0;;
S;035;0;0;;
S;052;0;0;;
S;054;0;0;;
S;057;0;0;;
S;059;0;0;;
S;067;0;0;;
S;074;0;0;;
S;075;0;0;;
S;076;0;0;;
D;02196920;爱华仕拉杆箱2647-24;1900;
S;018;0;0;;
S;022;0;0;;
S;025;0;0;;
S;030;0;0;;
S;035;0;0;;
S;057;0;0;;
S;059;0;0;;
S;067;0;0;;
S;075;0;0;;
S;076;0;0;;
D;02196921;爱华仕拉杆箱2647-20;1900;
S;018;0;0;;
S;022;0;0;;
S;025;0;0;;
S;028;0;0;;
S;029;0;0;;
S;030;0;0;;
S;035;0;0;;
S;052;0;0;;
S;054;0;0;;
S;057;0;0;;
S;059;0;0;;
S;067;0;0;;
S;074;0;0;;
S;075;0;0;;
S;076;0;0;;
D;02196923;爱华仕拉杆箱2648-22;1897;
S;018;0;0;;
S;022;0;0;;
S;025;0;0;;
S;030;0;0;;
S;035;0;0;;
S;057;0;0;;
S;059;0;0;;
S;067;0;0;;
S;075;0;0;;
S;076;0;0;;
D;02239216;休闲背包（宏发）;1902;
S;018;0;0;;
S;022;0;0;;
S;025;0;0;;
S;028;0;0;;
S;029;0;0;;
S;030;0;0;;
S;035;0;0;;
S;052;0;0;;
S;054;0;0;;
S;057;0;0;;
S;059;0;0;;
S;067;0;0;;
S;074;0;0;;
S;075;0;0;;
S;076;0;0;;
D;02239226;I;7020;
S;018;0;0;;
S;022;0;0;;
S;025;0;0;;
S;028;0;0;;
S;029;0;0;;
S;030;0;0;;
S;035;0;0;;
S;052;0;0;;
S;054;0;0;;
S;057;0;0;;
S;059;0;0;;
S;067;0;0;;
S;074;0;0;;
S;075;0;0;;
S;076;0;0;;
D;02306145;爱华仕拉杆箱20寸IT7009-20(宏发）;1900;
S;022;0;0;;
S;025;0;0;;
S;030;0;0;;
S;035;0;0;;
S;057;0;0;;
S;059;0;0;;
S;067;0;0;;
S;075;0;0;;
D;02306146;爱华仕拉杆箱25寸IT7009-25(宏发);1900;
S;022;0;0;;
S;025;0;0;;
S;030;0;0;;
S;035;0;0;;
S;057;0;0;;
S;059;0;0;;
S;067;0;0;;
S;075;0;0;;
